0 0.550000 0.421333 0.196000 0.720000
0 0.416000 0.388000 0.080000 0.392000
0 0.907000 0.293333 0.086000 0.480000
0 0.181000 0.448000 0.090000 0.416000
0 0.526000 0.402667 0.072000 0.298667
0 0.230000 0.432000 0.064000 0.400000
0 0.039000 0.386667 0.078000 0.288000
0 0.267000 0.446667 0.058000 0.344000
0 0.715000 0.366667 0.054000 0.296000
0 0.802000 0.326667 0.104000 0.525333
0 0.073000 0.392000 0.078000 0.261333
0 0.675000 0.420000 0.066000 0.205333
0 0.782000 0.150667 0.116000 0.200000
0 0.818000 0.296000 0.048000 0.496000
0 0.770000 0.353333 0.096000 0.434667
