0 0.473000 0.559211 0.218000 0.875000
0 0.704000 0.626645 0.076000 0.391447
0 0.227000 0.552632 0.202000 0.888158
0 0.053000 0.569079 0.106000 0.855263
0 0.116000 0.534539 0.232000 0.924342
0 0.967000 0.731908 0.062000 0.516447
0 0.639000 0.638158 0.066000 0.250000
0 0.318000 0.598684 0.072000 0.361842
0 0.679000 0.254934 0.070000 0.180921
0 0.948000 0.368421 0.088000 0.171053
0 0.571000 0.674342 0.090000 0.256579
0 0.378000 0.356908 0.064000 0.200658
0 0.461000 0.238487 0.074000 0.233553
0 0.398000 0.610197 0.068000 0.490132
