0 0.793500 0.328000 0.148000 0.531000
0 0.914500 0.296000 0.110000 0.489000
0 0.182000 0.450500 0.099000 0.422000
0 0.418500 0.390000 0.090000 0.399000
0 0.231000 0.433500 0.079000 0.402000
0 0.042500 0.402500 0.084000 0.326000
0 0.267000 0.447500 0.071000 0.350000
0 0.528000 0.405000 0.081000 0.307000
0 0.074000 0.395500 0.089000 0.270000
0 0.724000 0.369500 0.075000 0.304000
0 0.083500 0.352000 0.084000 0.231000
0 0.083000 0.309500 0.083000 0.146000
0 0.553500 0.420000 0.214000 0.733000
1 0.096500 0.730500 0.190000 0.532000
