0 0.886750 0.520260 0.224000 0.947971
0 0.653500 0.557279 0.375500 0.874934
0 0.122500 0.575288 0.244500 0.841917
0 0.195750 0.318908 0.200000 0.527259
0 0.759000 0.359930 0.118500 0.374185
0 0.312000 0.222222 0.088000 0.216216
0 0.420000 0.205601 0.148500 0.300646
0 0.097500 0.300650 0.194500 0.461728
0 0.672000 0.265766 0.104000 0.357357
0 0.395000 0.649575 0.524500 0.690341
0 0.816000 0.330330 0.072000 0.216216
0 0.667000 0.165165 0.094000 0.156156
0 0.130000 0.312312 0.092000 0.204204
0 0.558000 0.121622 0.124000 0.087087
0 0.830000 0.273273 0.068000 0.252252
0 0.635000 0.530030 0.286000 0.339339
