0 0.551750 0.420666 0.205000 0.726500
0 0.417250 0.389000 0.085000 0.395500
0 0.910750 0.294666 0.098000 0.484500
0 0.181500 0.449250 0.094500 0.419000
0 0.527000 0.403834 0.076500 0.302833
0 0.230500 0.432750 0.071500 0.401000
0 0.040750 0.394583 0.081000 0.307000
0 0.267000 0.447083 0.064500 0.347000
0 0.719500 0.368084 0.064500 0.300000
0 0.797750 0.327333 0.126000 0.528166
0 0.076833 0.379833 0.083667 0.254111
0 0.675000 0.420000 0.066000 0.205333
0 0.782000 0.150667 0.116000 0.200000
0 0.818000 0.296000 0.048000 0.496000
0 0.770000 0.353333 0.096000 0.434667
0 0.083000 0.309500 0.083000 0.146000
1 0.096500 0.730500 0.190000 0.532000
