0 0.473500 0.566356 0.227500 0.859500
0 0.704500 0.625073 0.083500 0.403724
0 0.228000 0.552316 0.204500 0.888579
0 0.051000 0.535040 0.101500 0.786131
0 0.119250 0.533519 0.238000 0.925171
0 0.966750 0.730204 0.064000 0.527224
0 0.636250 0.652329 0.077000 0.266000
0 0.318750 0.598092 0.079000 0.369921
0 0.678750 0.263467 0.075000 0.196960
0 0.948000 0.368421 0.088000 0.171053
0 0.573250 0.673671 0.100000 0.262790
0 0.382500 0.349704 0.073500 0.221329
0 0.461000 0.238487 0.074000 0.233553
0 0.398000 0.610197 0.068000 0.490132
