0 0.862500 0.314157 0.068500 0.245621
0 0.684500 0.417457 0.162500 0.413204
0 0.515750 0.387928 0.137000 0.345139
0 0.257000 0.260128 0.063500 0.228609
0 0.191500 0.307500 0.092000 0.338000
0 0.930500 0.334000 0.058000 0.209000
1 0.723250 0.284142 0.317000 0.153575
1 0.335000 0.610052 0.557500 0.539272
1 0.159000 0.133634 0.286000 0.105105
1 0.842000 0.282282 0.164000 0.132132
1 0.190750 0.592052 0.381000 0.481225
1 0.249750 0.419963 0.212000 0.156064
1 0.319000 0.423423 0.086000 0.132132
1 0.311000 0.575075 0.218000 0.483483
